-121 32
-120 32
-119 32
-118 32
-117 32
-116 32
-115 32
-114 32
-113 32
-122 33
-121 33
-120 33
-119 33
-118 33
-117 33
-116 33
-115 33
-114 33
-113 33
-123 34
-122 34
-121 34
-120 34
-119 34
-118 34
-117 34
-116 34
-115 34
-114 34
-113 34
-112 34
-124 35
-123 35
-122 35
-121 35
-120 35
-119 35
-118 35
-117 35
-116 35
-115 35
-114 35
-113 35
-112 35
-126 36
-125 36
-124 36
-123 36
-122 36
-121 36
-120 36
-119 36
-118 36
-117 36
-116 36
-115 36
-114 36
-113 36
-112 36
-125 37
-124 37
-123 37
-122 37
-121 37
-120 37
-119 37
-118 37
-117 37
-116 37
-115 37
-114 37
-113 37
-112 37
-127 38
-126 38
-125 38
-124 38
-123 38
-122 38
-121 38
-120 38
-119 38
-118 38
-117 38
-116 38
-115 38
-114 38
-113 38
-127 39
-126 39
-125 39
-124 39
-123 39
-122 39
-121 39
-120 39
-119 39
-118 39
-117 39
-116 39
-115 39
-127 40
-126 40
-125 40
-124 40
-123 40
-122 40
-121 40
-120 40
-119 40
-118 40
-117 40
-127 41
-126 41
-125 41
-124 41
-123 41
-122 41
-121 41
-120 41
-119 41
-118 41
-117 41
-127 42
-126 42
-125 42
-124 42
-123 42
-122 42
-121 42
-120 42
-119 42
-118 42
-128 43
-127 43
-126 43
-125 43
-124 43
-123 43
-122 43
-121 43
-120 43
-119 43
-118 43
-127 44
-126 44
-125 44
-124 44
-123 44
-122 44
-121 44
-120 44
